c6s1_000451.jpg
1
420.836933 144.188985 88.328294 216.466523
c6s1_000476.jpg
3
325.044276 151.653348 126.894168 204.025918
177.001080 160.361771 90.816415 153.019438
129.726782 129.260259 83.352052 195.317495
c6s1_000501.jpg
1
30.201944 134.236501 100.768898 179.144708
c6s1_001426.jpg
1
581.320734 136.724622 98.280778 216.466523
c6s1_001451.jpg
1
283.990281 125.528078 100.768898 222.686825
c6s1_001476.jpg
1
4.076674 113.087473 72.155508 241.347732
c6s1_002351.jpg
2
505.433045 88.206263 33.589633 95.792657
611.178186 124.284017 67.179266 182.876890
c6s1_002376.jpg
2
489.260259 83.230022 39.809935 103.257019
541.510799 110.599352 48.518359 145.555076
c6s1_002401.jpg
2
514.141469 67.057235 42.298056 138.090713
459.402808 77.009719 46.030238 114.453564
c6s1_002451.jpg
2
348.681425 73.277538 32.345572 120.673866
492.992441 73.277538 33.589633 113.209503
c6s1_002476.jpg
2
317.579914 165.338013 191.585313 400.587473
272.793737 70.789417 41.053996 133.114471
c6s1_002501.jpg
3
660.651899 82.525316 31.594937 108.151899
5.320734 160.361771 216.466523 411.784017
209.346652 93.182505 49.762419 129.382289
c6s1_002526.jpg
3
644.854430 77.664557 53.468354 130.025316
119.774298 108.111231 60.958963 125.650108
577.588553 89.450324 38.565875 123.161987
c6s1_002551.jpg
4
55.083153 105.623110 43.542117 126.894168
577.588553 86.962203 34.833693 123.161987
512.897408 86.962203 33.589633 110.721382
665.916847 86.962203 39.809935 121.917927
c6s1_002576.jpg
6
480.551836 81.985961 43.542117 115.697624
597.493521 83.230022 34.833693 118.185745
27.713823 106.867171 34.833693 118.185745
650.930380 86.170886 35.240506 127.594937
683.740506 86.170886 27.949367 111.797468
512.897408 81.985961 34.833693 119.429806
c6s1_002601.jpg
5
612.422246 83.230022 31.101512 125.650108
475.575594 83.230022 37.321814 113.209503
526.582073 85.718143 38.565875 111.965443
571.943038 86.170886 40.101266 119.088608
2.018987 112.905063 38.886076 111.797468
c6s1_002626.jpg
3
471.923041 75.759196 37.973671 116.392047
547.731102 79.497840 36.077754 120.673866
506.677106 83.230022 39.809935 121.917927
c6s1_002651.jpg
2
470.599352 79.497840 32.345572 114.453564
506.677106 81.985961 34.833693 113.209503
c6s1_002676.jpg
3
502.944924 80.741901 37.321814 110.721382
6.564795 106.867171 31.101512 115.697624
471.843413 78.253780 32.345572 110.721382
c6s1_002851.jpg
2
536.534557 192.707343 111.965443 325.943844
0.803797 103.183544 36.455696 123.949367
c6s1_002876.jpg
2
496.724622 174.046436 94.548596 264.984881
7.808855 120.551836 78.375810 400.587473
c6s1_002901.jpg
2
122.262419 120.551836 104.501080 296.086393
489.260259 164.093952 80.863931 216.466523
c6s1_002926.jpg
2
488.016199 150.409287 68.423326 190.341253
239.204104 116.819654 90.816415 240.103672
c6s1_002951.jpg
2
306.383369 111.843413 78.375810 204.025918
502.944924 146.677106 57.226782 165.460043
c6s1_002976.jpg
2
511.653348 136.724622 51.006479 154.263499
344.949244 104.379050 60.958963 167.948164
c6s1_003001.jpg
2
366.098272 83.230022 55.982721 146.799136
507.921166 137.968683 47.274298 131.870410
c6s1_003026.jpg
2
507.921166 105.623110 42.298056 134.358531
379.782937 65.813175 54.738661 128.138229
c6s1_003051.jpg
2
383.515119 69.545356 48.518359 114.453564
509.165227 96.914687 34.833693 126.894168
c6s1_003101.jpg
2
492.992441 85.718143 29.857451 113.209503
3.043199 104.061066 37.496168 113.538880
c6s1_003351.jpg
2
644.767819 81.985961 52.250540 135.602592
1.884281 106.194208 39.602818 112.776838
c6s1_003376.jpg
2
556.439525 80.741901 57.226782 124.406048
1.202043 102.701635 36.264414 112.688987
c6s1_003401.jpg
1
491.748380 79.497840 52.250540 116.941685
c6s1_003426.jpg
2
-0.411392 111.689873 40.101266 110.582278
486.772138 79.497840 42.298056 110.721382
c6s1_003451.jpg
2
486.772138 79.497840 38.565875 108.233261
644.767819 84.474082 34.833693 126.894168
c6s1_003476.jpg
1
563.903888 80.741901 39.809935 121.917927
c6s1_003501.jpg
1
507.921166 79.497840 42.298056 114.453564
c6s1_003526.jpg
1
491.748380 78.253780 39.809935 111.965443
c6s1_003551.jpg
1
489.260259 77.009719 46.030238 114.453564
c6s1_003576.jpg
1
486.772138 74.521598 47.274298 118.185745
c6s1_003601.jpg
1
491.748380 77.009719 37.321814 115.697624
c6s1_003751.jpg
1
492.992441 77.009719 41.053996 114.453564
c6s1_003801.jpg
3
489.260259 78.253780 47.274298 116.941685
-0.867089 108.044304 36.455696 110.582278
97.381210 99.402808 59.714903 153.019438
c6s1_003826.jpg
3
189.441685 98.158747 41.053996 149.287257
492.992441 79.497840 43.542117 116.941685
6.564795 106.867171 39.809935 108.233261
c6s1_003851.jpg
3
490.504320 77.009719 54.738661 120.673866
16.517279 105.623110 41.053996 116.941685
257.865011 80.741901 54.738661 143.066955
c6s1_003876.jpg
4
306.383369 67.057235 51.006479 129.382289
10.296976 106.867171 51.006479 119.429806
392.223542 70.789417 36.077754 111.965443
505.433045 72.033477 43.542117 125.650108
c6s1_003901.jpg
4
399.687905 72.033477 49.762419 113.209503
347.437365 68.301296 44.786177 121.917927
5.320734 108.111231 39.809935 125.650108
516.629590 83.230022 39.809935 121.917927
c6s1_003926.jpg
3
385.876056 66.176578 38.527462 118.687531
408.396328 73.277538 46.030238 126.894168
527.826134 81.985961 41.053996 118.185745
c6s1_003951.jpg
2
412.128510 85.718143 57.226782 144.311015
528.799112 80.040646 37.445663 118.227707
c6s1_003976.jpg
3
419.592873 114.331533 68.423326 165.460043
529.762815 77.574830 36.186069 121.153612
475.575594 75.765659 38.565875 105.745140
c6s1_004001.jpg
2
418.348812 118.063715 64.691145 192.829374
529.448340 80.931365 37.224754 119.716631
c6s1_004026.jpg
2
378.538877 120.551836 77.131749 231.395248
529.909411 77.262217 37.478296 121.013941
c6s1_004051.jpg
2
536.534557 78.253780 37.321814 124.406048
311.359611 129.260259 99.524838 276.181425
c6s1_004076.jpg
2
213.078834 124.284017 116.941685 354.557235
560.171706 81.985961 53.494600 123.161987
c6s1_004101.jpg
2
626.106911 83.230022 38.565875 126.894168
32.690065 130.504320 145.555076 442.885529
c6s1_004376.jpg
1
636.059395 90.694384 39.809935 120.673866
c6s1_004401.jpg
1
560.171706 81.985961 37.321814 123.161987
c6s1_004426.jpg
1
510.409287 85.718143 41.053996 106.989201
c6s1_004451.jpg
1
494.236501 81.985961 38.565875 108.233261
c6s1_004576.jpg
1
420.836933 106.867171 104.501080 228.907127
c6s1_004601.jpg
1
325.044276 96.914687 77.131749 213.978402
c6s1_004676.jpg
1
30.201944 93.182505 78.375810 186.609071
c6s1_005126.jpg
1
353.657667 78.253780 47.274298 131.870410
c6s1_005151.jpg
1
295.186825 94.426566 62.203024 139.334773
c6s1_005201.jpg
1
142.167387 101.890929 63.447084 159.239741
c6s1_005226.jpg
1
37.666307 110.599352 67.179266 161.727862
c6s1_005276.jpg
1
537.778618 126.772138 77.131749 257.520518
c6s1_005326.jpg
1
280.258099 118.063715 146.799136 251.300216
c6s1_005376.jpg
1
117.286177 106.867171 80.863931 251.300216
c6s1_005551.jpg
1
499.212743 84.474082 48.518359 106.989201
c6s1_005576.jpg
1
483.039957 83.230022 49.762419 106.989201
c6s1_005651.jpg
1
409.640389 121.795896 70.911447 159.239741
c6s1_005676.jpg
1
318.823974 111.843413 62.203024 156.751620
c6s1_005751.jpg
1
91.160907 110.599352 47.274298 126.894168
c6s1_005801.jpg
2
689.553996 77.009719 29.857451 145.555076
19.005400 106.867171 43.542117 115.697624
c6s1_005826.jpg
2
1.000000 100.521474 37.798770 114.385074
568.880130 75.765659 58.470842 131.870410
c6s1_005851.jpg
1
500.456803 75.765659 48.518359 121.917927
c6s1_005876.jpg
1
478.063715 70.789417 42.298056 116.941685
c6s1_005901.jpg
1
495.480562 77.009719 34.833693 110.721382
c6s1_006101.jpg
1
193.173866 128.016199 120.673866 277.425486
c6s1_006126.jpg
1
357.389849 139.212743 119.429806 263.740821
c6s1_006151.jpg
1
526.582073 132.992441 83.352052 267.473002
c6s1_006176.jpg
1
641.035637 147.921166 75.887689 248.812095
c6s1_008201.jpg
1
4.076674 155.385529 180.388769 418.004320
c6s1_008226.jpg
1
415.860691 176.534557 156.751620 399.343413
c6s1_008801.jpg
1
109.821814 116.819654 64.691145 199.049676
c6s1_008826.jpg
1
221.787257 116.819654 59.714903 170.436285
c6s1_008851.jpg
1
310.115551 120.551836 55.982721 150.531317
c6s1_008876.jpg
1
378.538877 111.843413 57.226782 136.846652
c6s1_008901.jpg
1
420.836933 89.450324 42.298056 124.406048
c6s1_008926.jpg
1
448.206263 75.765659 41.053996 126.894168
c6s1_008951.jpg
1
471.843413 80.741901 37.321814 114.453564
c6s1_008976.jpg
1
490.504320 78.253780 42.298056 116.941685
c6s1_009001.jpg
1
510.409287 85.718143 33.589633 102.012959
c6s1_009101.jpg
1
580.076674 90.694384 51.006479 123.161987
c6s1_009126.jpg
1
521.605832 86.962203 44.786177 116.941685
c6s1_009151.jpg
1
488.016199 80.741901 41.053996 113.209503
c6s1_009176.jpg
1
489.260259 78.253780 33.589633 105.745140
c6s1_009276.jpg
1
62.547516 105.623110 67.179266 150.531317
c6s1_009301.jpg
1
148.387689 105.623110 59.714903 143.066955
c6s1_009326.jpg
1
183.221382 109.355292 53.494600 134.358531
c6s1_009351.jpg
1
211.834773 124.284017 47.274298 106.989201
c6s1_009426.jpg
2
216.811015 103.134989 44.786177 124.406048
642.424051 83.740506 41.316456 121.518987
c6s1_009451.jpg
2
246.668467 77.009719 49.762419 124.406048
562.659827 83.230022 31.101512 123.161987
c6s1_009476.jpg
2
291.454644 65.813175 38.565875 125.650108
501.700864 80.741901 38.565875 120.673866
c6s1_009501.jpg
2
339.973002 69.545356 33.589633 114.453564
488.016199 77.009719 34.833693 111.965443
c6s1_009526.jpg
2
384.759179 68.301296 33.589633 119.429806
492.992441 79.497840 41.053996 110.721382
c6s1_009601.jpg
2
526.582073 126.772138 62.203024 228.907127
497.816456 87.386076 26.734177 94.784810
c6s1_009676.jpg
2
168.292657 114.331533 83.352052 194.073434
684.577754 81.985961 32.345572 144.311015
c6s1_009701.jpg
2
79.964363 105.623110 55.982721 194.073434
603.713823 83.230022 58.470842 131.870410
c6s1_009726.jpg
2
536.534557 85.718143 54.738661 121.917927
7.808855 105.623110 44.786177 185.365011
c6s1_009751.jpg
1
484.284017 75.765659 51.006479 121.917927
c6s1_009801.jpg
1
491.748380 84.474082 38.565875 106.989201
c6s1_010426.jpg
1
491.748380 69.545356 43.542117 115.697624
c6s1_010451.jpg
1
474.331533 64.569114 39.809935 121.917927
c6s1_010476.jpg
1
446.962203 65.813175 46.030238 130.626350
c6s1_010501.jpg
1
430.789417 63.325054 38.565875 134.358531
c6s1_010526.jpg
1
428.301296 70.789417 42.298056 123.161987
c6s1_010551.jpg
1
398.443844 67.057235 41.053996 128.138229
c6s1_010576.jpg
1
359.877970 62.080994 48.518359 131.870410
c6s1_010601.jpg
1
352.413607 65.813175 39.809935 124.406048
c6s1_010626.jpg
1
336.240821 62.080994 42.298056 125.650108
c6s1_010651.jpg
1
306.383369 64.569114 53.494600 123.161987
c6s1_010676.jpg
1
280.258099 63.325054 51.006479 125.650108
c6s1_010701.jpg
1
254.132829 63.325054 43.542117 124.406048
c6s1_010751.jpg
1
213.078834 62.080994 42.298056 121.917927
c6s1_010776.jpg
1
205.614471 60.836933 37.321814 128.138229
c6s1_011076.jpg
2
490.504320 77.009719 39.809935 114.453564
205.529564 63.629157 34.222249 119.636581
c6s1_011101.jpg
2
514.141469 80.741901 38.565875 121.917927
203.290293 60.544410 36.072053 116.136458
c6s1_011126.jpg
2
545.242981 83.230022 48.518359 128.138229
199.945135 64.383496 39.045907 116.303043
c6s1_011151.jpg
3
203.624934 64.459607 35.326909 119.464985
41.398488 88.206263 34.833693 116.941685
618.120253 103.183544 49.822785 142.177215
c6s1_011176.jpg
2
101.113391 89.450324 36.077754 121.917927
202.968187 60.471905 37.091110 115.512820
c6s1_011276.jpg
2
185.915688 60.689415 40.082511 117.423181
322.556156 57.104752 37.321814 128.138229
c6s1_011301.jpg
2
376.050756 63.325054 44.786177 119.429806
185.813354 60.258887 40.283041 117.477688
c6s1_011326.jpg
2
185.853111 60.293116 40.161105 118.538319
422.080994 65.813175 37.321814 116.941685
c6s1_011351.jpg
2
476.819654 73.277538 47.274298 116.941685
185.537621 60.669117 39.649279 116.489680
c6s1_011376.jpg
2
185.897962 60.282569 40.755715 118.202459
545.242981 69.545356 54.738661 125.650108
c6s1_011451.jpg
3
185.440354 60.623401 40.254260 117.605249
119.774298 131.748380 72.155508 196.561555
590.029158 70.789417 46.030238 121.917927
c6s1_011476.jpg
2
601.225702 165.338013 100.768898 212.734341
185.820282 60.521105 40.038103 118.775744
c6s1_011526.jpg
2
186.925283 63.986476 37.834191 120.459393
480.551836 67.057235 44.786177 116.941685
c6s1_011551.jpg
2
187.056935 64.090278 37.702045 120.408157
484.284017 68.301296 36.077754 120.673866
c6s1_011601.jpg
2
184.895761 63.322186 42.219914 118.230899
388.491361 60.836933 65.935205 135.602592
c6s1_011751.jpg
2
185.793412 60.586994 39.790348 117.134828
48.862851 88.206263 32.345572 119.429806
c6s1_011876.jpg
2
366.098272 201.415767 223.930886 373.218143
186.953564 55.860691 42.298056 133.114471
c6s1_011901.jpg
2
33.934125 186.487041 213.978402 389.390929
194.417927 58.348812 38.565875 128.138229
c6s1_012251.jpg
2
194.246167 63.497631 39.777282 123.187748
489.260259 74.521598 46.030238 114.453564
c6s1_012276.jpg
2
193.173866 60.836933 44.786177 125.650108
488.016199 74.521598 46.030238 121.917927
c6s1_012301.jpg
2
516.629590 75.765659 42.298056 129.382289
192.979691 62.971839 40.496945 123.054451
c6s1_012326.jpg
2
560.171706 77.009719 43.542117 135.602592
190.002505 61.771298 43.650825 122.132044
c6s1_012351.jpg
2
629.839093 77.009719 54.738661 135.602592
185.709503 58.348812 39.809935 128.138229
c6s1_012376.jpg
2
179.036789 61.336801 39.289420 124.615660
603.713823 78.253780 53.494600 133.114471
c6s1_012401.jpg
2
540.266739 69.545356 39.809935 131.870410
181.518162 62.935265 40.174153 125.161756
c6s1_012426.jpg
2
483.039957 72.033477 42.298056 121.917927
181.977322 62.080994 37.321814 125.650108
c6s1_012451.jpg
2
179.062814 61.715983 42.727558 124.798857
471.843413 74.521598 42.298056 114.453564
c6s1_012476.jpg
2
183.221382 58.348812 39.809935 129.382289
479.307775 75.765659 41.053996 109.477322
c6s1_012501.jpg
2
181.402093 62.880211 40.379492 124.592042
496.724622 83.230022 39.809935 100.768898
c6s1_012526.jpg
2
178.222014 61.470108 40.517647 124.324624
505.433045 85.718143 33.589633 95.792657
c6s1_013076.jpg
2
177.813226 64.047142 40.818266 120.166374
488.016199 77.009719 44.786177 120.673866
c6s1_013101.jpg
2
179.122520 62.337843 42.896432 125.817762
520.361771 81.985961 46.030238 121.917927
c6s1_013126.jpg
2
178.454805 63.859550 40.078243 121.611288
580.076674 81.985961 51.006479 128.138229
c6s1_013151.jpg
2
650.988121 84.474082 48.518359 129.382289
178.893374 62.196595 43.351334 125.081363
c6s1_013501.jpg
2
486.772138 89.450324 38.565875 99.524838
179.595860 62.047211 42.895410 125.183273
c6s1_013526.jpg
2
492.992441 81.985961 37.321814 109.477322
181.537399 65.192917 40.158699 121.761335
c6s1_013551.jpg
2
532.802376 88.206263 43.542117 113.209503
181.537399 65.192917 40.158699 121.761335
c6s1_013576.jpg
2
181.537399 65.192917 40.158699 121.761335
608.690065 93.182505 54.738661 119.429806
c6s1_014051.jpg
2
497.968683 58.348812 48.518359 130.626350
180.661774 61.855009 43.413358 126.690916
c6s1_014076.jpg
2
179.376298 62.305147 43.541573 125.302429
486.772138 54.616631 52.250540 139.334773
c6s1_014101.jpg
2
180.642255 61.834888 42.021635 128.931398
490.504320 49.640389 52.250540 150.531317
c6s1_014126.jpg
2
496.724622 48.396328 60.958963 156.751620
183.505552 62.629763 39.963602 126.930358
c6s1_014151.jpg
2
496.724622 48.396328 58.470842 171.680346
183.225903 62.765923 40.416178 125.369229
c6s1_014176.jpg
2
514.141469 68.301296 54.738661 170.436285
180.784512 61.631972 42.170522 126.292568
c6s1_014201.jpg
2
183.323388 62.842660 40.197567 125.486600
542.754860 79.497840 77.131749 176.656587
c6s1_014251.jpg
2
179.996547 61.554558 43.039728 125.147883
655.964363 96.914687 53.494600 206.514039
c6s1_014301.jpg
2
45.130670 116.819654 70.911447 202.781857
182.534953 62.934443 41.453475 122.298208
c6s1_014326.jpg
2
134.703024 116.819654 79.619870 197.805616
183.491002 64.917091 40.318615 121.282879
c6s1_014351.jpg
2
220.543197 114.331533 64.691145 184.120950
183.487007 62.722999 38.492297 124.195966
c6s1_014401.jpg
2
328.776458 114.331533 64.691145 166.704104
181.071905 61.332719 42.204284 125.737149
c6s1_014426.jpg
3
183.527505 61.898174 40.603045 123.482615
384.759179 113.087473 58.470842 154.263499
81.208423 98.158747 166.704104 451.593952
c6s1_014476.jpg
3
516.629590 121.795896 164.215983 422.980562
419.592873 91.938445 51.006479 139.334773
181.462412 60.919725 43.079673 126.106619
c6s1_014501.jpg
2
425.813175 81.985961 55.982721 138.090713
182.798257 63.142047 41.189183 122.195738
c6s1_014551.jpg
2
473.087473 67.057235 49.762419 123.161987
183.486666 61.627138 41.600795 124.016729
c6s1_014576.jpg
2
180.369419 61.482103 42.660208 125.635239
501.700864 73.277538 47.274298 114.453564
c6s1_014626.jpg
3
184.020981 62.358748 39.872872 125.141382
481.795896 79.497840 39.809935 108.233261
112.309935 125.528078 124.406048 253.788337
c6s1_014651.jpg
3
293.942765 131.748380 116.941685 252.544276
183.282023 62.061400 41.142085 121.752881
471.843413 78.253780 46.030238 108.233261
c6s1_014676.jpg
3
486.132238 148.967209 75.704198 243.351021
183.461683 62.631070 40.778023 122.019126
468.111231 77.009719 44.786177 123.161987
c6s1_014701.jpg
3
180.967303 61.250475 42.438856 125.611354
509.165227 78.253780 36.077754 108.233261
469.355292 79.497840 47.274298 125.650108
c6s1_014726.jpg
3
494.236501 75.765659 42.298056 110.721382
459.402808 91.938445 42.298056 136.846652
182.861258 65.160582 39.213572 120.796399
c6s1_014751.jpg
3
488.016199 72.033477 44.786177 121.917927
440.741901 111.843413 53.494600 146.799136
179.277340 61.651694 43.417115 125.711490
c6s1_014776.jpg
3
423.325054 121.795896 49.762419 157.995680
497.968683 73.277538 47.274298 125.650108
179.418604 61.762947 43.275321 125.656577
c6s1_014801.jpg
3
368.586393 124.284017 68.423326 174.168467
181.166815 62.087243 41.730826 128.222200
557.683585 72.033477 36.077754 135.602592
c6s1_014826.jpg
3
179.359577 62.252899 43.463037 125.967947
643.523758 77.009719 38.565875 138.090713
300.163067 132.992441 75.887689 190.341253
c6s1_014851.jpg
2
180.784512 61.631972 42.170522 126.292568
214.322894 134.236501 79.619870 218.954644
c6s1_014876.jpg
2
84.940605 137.968683 102.012959 243.835853
179.396239 62.281907 43.555814 125.787239
c6s1_015001.jpg
2
182.316582 65.526728 40.392501 120.288480
570.124190 83.230022 52.250540 121.917927
c6s1_015026.jpg
2
185.932520 61.529355 39.311214 124.637893
501.700864 84.474082 49.762419 114.453564
c6s1_015051.jpg
2
485.528078 81.985961 41.053996 106.989201
196.201421 60.582807 42.462677 123.762513
c6s1_015076.jpg
2
490.504320 86.962203 42.298056 93.304536
200.638229 57.104752 31.101512 134.358531
c6s1_015501.jpg
2
215.209859 62.705290 42.140062 123.615973
585.052916 90.694384 47.274298 116.941685
c6s1_015526.jpg
2
509.165227 86.962203 42.298056 110.721382
209.346652 60.836933 48.518359 130.626350
c6s1_015551.jpg
2
217.271882 62.632999 42.194377 120.334287
483.039957 83.230022 39.809935 106.989201
c6s1_015576.jpg
2
216.960693 62.953090 40.759806 119.243703
490.504320 85.718143 37.321814 100.768898
c6s1_015801.jpg
2
214.322894 57.104752 47.274298 130.626350
10.296976 145.433045 126.894168 378.194384
c6s1_015826.jpg
2
102.357451 140.456803 103.257019 301.062635
216.993521 62.725101 40.882808 119.006278
c6s1_015851.jpg
2
188.197624 142.944924 93.304536 246.323974
227.245880 63.098375 44.120905 118.963193
c6s1_015876.jpg
1
256.620950 134.236501 79.619870 215.222462
c6s1_015926.jpg
2
367.342333 63.325054 42.298056 123.161987
315.091793 115.575594 57.226782 172.924406
c6s1_015951.jpg
2
389.735421 64.569114 41.053996 111.965443
362.795104 114.809977 50.439068 156.625579
c6s1_015976.jpg
1
405.908207 110.599352 54.738661 130.626350
c6s1_016026.jpg
1
461.890929 80.741901 44.786177 123.161987
c6s1_016051.jpg
1
479.307775 73.277538 37.321814 115.697624
c6s1_016076.jpg
1
638.547516 73.277538 34.833693 138.090713
c6s1_016101.jpg
1
555.195464 75.765659 43.542117 131.870410
c6s1_016126.jpg
1
494.236501 78.253780 49.762419 119.429806
c6s1_016151.jpg
1
478.063715 72.033477 49.762419 118.185745
c6s1_016501.jpg
1
632.327214 94.426566 38.565875 116.941685
c6s1_016526.jpg
1
572.612311 88.206263 34.833693 115.697624
c6s1_017101.jpg
2
321.312095 69.545356 184.120950 498.868251
484.284017 106.867171 59.714903 228.907127
c6s1_017126.jpg
2
311.359611 100.646868 83.352052 238.859611
93.649028 57.104752 209.002160 512.552916
c6s1_017151.jpg
2
124.750540 100.646868 123.161987 246.323974
23.981641 110.599352 33.589633 105.745140
c6s1_017301.jpg
1
30.201944 103.134989 34.833693 125.650108
c6s1_017401.jpg
1
546.487041 140.456803 130.626350 396.855292
c6s1_017426.jpg
1
510.409287 132.992441 103.257019 319.723542
c6s1_017451.jpg
1
500.456803 130.504320 89.572354 258.764579
c6s1_017476.jpg
1
495.480562 119.307775 82.107991 225.174946
c6s1_017501.jpg
2
494.236501 110.599352 83.352052 199.049676
11.541037 118.063715 42.298056 148.043197
c6s1_017526.jpg
2
509.165227 108.111231 72.155508 174.168467
27.713823 123.039957 46.030238 160.483801
c6s1_017551.jpg
2
512.707931 107.555467 55.381515 161.389596
41.398488 125.528078 70.911447 177.900648
c6s1_017576.jpg
2
514.141469 88.206263 55.982721 149.287257
101.113391 132.992441 82.107991 186.609071
c6s1_017601.jpg
2
507.921166 70.789417 54.738661 136.846652
170.780778 135.480562 83.352052 210.246220
c6s1_017626.jpg
2
246.668467 144.188985 102.012959 235.127430
494.236501 64.569114 49.762419 136.846652
c6s1_017651.jpg
2
478.063715 64.569114 52.250540 126.894168
321.312095 162.849892 143.066955 264.984881
c6s1_017676.jpg
2
450.694384 176.534557 164.215983 281.157667
489.260259 69.545356 43.542117 120.673866
c6s1_017701.jpg
1
510.409287 78.253780 32.345572 109.477322
c6s1_017851.jpg
1
489.260259 69.545356 42.298056 121.917927
c6s1_017876.jpg
1
524.093952 70.789417 43.542117 131.870410
c6s1_017901.jpg
1
599.981641 78.253780 41.053996 130.626350
c6s1_018001.jpg
1
636.059395 121.795896 42.298056 143.066955
c6s1_018026.jpg
1
571.368251 98.158747 49.762419 146.799136
c6s1_018051.jpg
1
536.534557 84.474082 44.786177 125.650108
c6s1_018076.jpg
1
502.944924 77.009719 46.030238 124.406048
c6s1_018101.jpg
1
497.968683 78.253780 34.833693 111.965443
c6s1_018126.jpg
1
501.700864 81.985961 37.321814 105.745140
c6s1_018226.jpg
1
231.739741 165.338013 195.317495 393.123110
c6s1_018326.jpg
1
364.854212 64.569114 38.565875 121.917927
c6s1_018351.jpg
1
288.966523 59.592873 53.494600 129.382289
c6s1_018376.jpg
2
247.912527 58.348812 54.738661 129.382289
683.740506 80.094937 34.025316 116.658228
c6s1_018401.jpg
2
618.642549 81.985961 37.321814 125.650108
205.614471 68.301296 57.226782 135.602592
c6s1_018426.jpg
2
557.683585 84.474082 46.030238 124.406048
165.804536 85.718143 43.542117 134.358531
c6s1_018451.jpg
2
73.715190 94.677215 60.759494 140.962025
509.165227 78.253780 46.030238 119.429806
c6s1_018476.jpg
2
483.039957 75.765659 39.809935 115.697624
5.237341 93.164455 40.079730 139.444891
c6s1_018601.jpg
1
489.260259 79.497840 37.321814 104.501080
c6s1_018701.jpg
1
489.260259 83.230022 33.589633 100.768898
c6s1_018801.jpg
1
598.737581 72.033477 46.030238 141.822894
c6s1_018826.jpg
1
562.659827 72.033477 48.518359 136.846652
c6s1_018851.jpg
3
514.141469 206.392009 150.531317 257.520518
536.534557 195.195464 89.572354 243.835853
565.147948 74.521598 41.053996 133.114471
c6s1_018876.jpg
3
157.096112 167.826134 109.477322 236.371490
314.322785 162.727848 85.063291 144.607595
548.975162 72.033477 49.762419 139.334773
c6s1_018901.jpg
4
545.242981 78.253780 34.833693 128.138229
495.480562 78.253780 37.321814 110.721382
96.137149 149.165227 70.911447 136.846652
512.897408 74.521598 49.762419 130.626350
c6s1_018926.jpg
3
495.480562 68.301296 42.298056 131.870410
6.564795 144.188985 90.816415 128.138229
480.551836 75.765659 27.369330 114.453564
c6s1_018976.jpg
3
455.670626 70.789417 39.809935 123.161987
485.528078 70.789417 41.053996 121.917927
2.018987 108.044304 71.696203 125.164557
c6s1_019001.jpg
2
526.582073 75.765659 41.053996 126.894168
480.551836 70.789417 41.053996 113.209503
c6s1_019026.jpg
3
73.744060 140.456803 156.751620 337.140389
613.666307 78.253780 52.250540 133.114471
497.968683 81.985961 34.833693 105.745140
c6s1_019051.jpg
1
252.888769 132.992441 113.209503 298.574514
c6s1_019101.jpg
1
394.711663 118.063715 72.155508 211.490281
c6s1_019126.jpg
2
500.246835 83.740506 34.025316 97.215190
414.616631 113.087473 62.203024 186.609071
c6s1_019176.jpg
3
519.689873 83.740506 24.303797 104.506329
474.727848 80.094937 34.025316 105.721519
414.616631 109.355292 52.250540 155.507559
c6s1_019201.jpg
2
400.931965 88.206263 69.667387 143.066955
509.165227 78.253780 31.101512 109.477322
c6s1_019226.jpg
2
501.700864 75.765659 31.101512 114.453564
418.348812 72.033477 51.006479 129.382289
c6s1_019251.jpg
3
496.724622 78.253780 31.101512 110.721382
444.474082 75.765659 38.565875 121.917927
408.396328 74.521598 42.298056 109.477322
c6s1_019276.jpg
3
497.968683 77.009719 34.833693 115.697624
461.890929 69.545356 34.833693 120.673866
397.199784 72.033477 39.809935 113.209503
c6s1_019301.jpg
2
395.955724 73.277538 39.809935 115.697624
485.528078 75.765659 42.298056 119.429806
c6s1_019326.jpg
2
415.860691 73.277538 37.321814 125.650108
495.480562 73.277538 34.833693 128.138229
c6s1_019351.jpg
3
10.296976 210.124190 65.935205 256.276458
495.480562 74.521598 39.809935 131.870410
439.497840 74.521598 39.809935 126.894168
c6s1_019376.jpg
4
1.588553 151.653348 106.989201 283.645788
511.409444 80.681559 39.963960 125.105635
454.431649 82.799451 42.303855 123.292030
103.601512 216.344492 118.185745 248.812095
c6s1_019401.jpg
5
684.577754 65.813175 33.589633 138.090713
521.605832 89.450324 38.565875 131.870410
245.424406 202.659827 65.935205 222.686825
485.528078 95.670626 34.833693 140.578834
119.774298 142.944924 106.989201 263.740821
c6s1_019426.jpg
5
591.273218 63.325054 51.006479 145.555076
204.370410 137.968683 93.304536 225.174946
330.020518 187.731102 51.006479 190.341253
496.724622 114.331533 47.274298 148.043197
542.754860 109.355292 41.053996 145.555076
c6s1_019451.jpg
4
506.089380 126.104064 48.982806 149.321956
259.109071 132.992441 89.572354 195.317495
570.320612 124.044758 54.655261 157.377625
374.806695 180.266739 48.518359 170.436285
c6s1_019476.jpg
5
593.761339 130.504320 48.518359 170.436285
485.528078 60.836933 39.809935 130.626350
522.849892 124.284017 52.250540 177.900648
311.359611 124.284017 80.863931 175.412527
400.931965 174.046436 48.518359 154.263499
c6s1_019501.jpg
5
413.365072 171.403203 38.638890 131.536294
547.731102 130.504320 55.982721 190.341253
365.611071 125.421391 50.854705 150.290740
618.901251 135.938914 61.671913 183.191437
455.670626 59.592873 41.053996 129.382289
c6s1_019526.jpg
4
664.672786 137.968683 52.250540 213.978402
425.319029 162.171044 38.135835 122.473265
402.699429 118.474661 51.988475 158.468567
561.415767 140.456803 64.691145 205.269978
c6s1_019551.jpg
3
430.598277 149.040388 39.199899 120.439549
596.249460 147.921166 73.399568 226.419006
420.044304 99.537975 52.253165 119.088608
c6s1_019576.jpg
3
467.788728 126.389527 37.668798 110.981361
445.327185 89.889509 42.865315 122.440740
658.221519 160.297468 61.974684 250.329114
c6s1_019601.jpg
2
449.450324 75.765659 44.786177 121.917927
494.236501 95.670626 33.589633 108.233261
c6s1_019626.jpg
2
500.246835 104.398734 31.594937 92.354430
455.670626 78.253780 51.006479 115.697624
c6s1_020776.jpg
2
622.374730 77.009719 57.226782 131.870410
678.879747 78.879747 41.316456 123.949367
c6s1_020801.jpg
2
562.659827 75.765659 51.006479 131.870410
628.595032 78.253780 48.518359 133.114471
c6s1_020826.jpg
2
489.260259 75.765659 53.494600 123.161987
552.707343 75.765659 47.274298 131.870410
c6s1_020851.jpg
2
509.165227 69.545356 33.589633 124.406048
476.819654 67.057235 42.298056 124.406048
c6s1_020901.jpg
2
376.050756 63.325054 39.809935 119.429806
499.212743 78.253780 34.833693 102.012959
c6s1_020926.jpg
2
395.955724 59.592873 42.298056 126.894168
512.897408 81.985961 34.833693 100.768898
c6s1_020951.jpg
1
412.128510 55.860691 49.762419 139.334773
c6s1_020976.jpg
1
433.277538 55.860691 48.518359 146.799136
c6s1_021001.jpg
1
444.474082 65.813175 55.982721 153.019438
c6s1_021026.jpg
1
456.914687 84.474082 54.738661 167.948164
c6s1_021051.jpg
1
473.087473 93.182505 59.714903 185.365011
c6s1_021076.jpg
1
516.629590 106.867171 70.911447 200.293737
c6s1_021101.jpg
2
479.307775 78.253780 46.030238 113.209503
602.469762 108.111231 92.060475 223.930886
c6s1_021126.jpg
1
475.575594 72.033477 49.762419 120.673866
c6s1_021151.jpg
1
476.819654 79.497840 47.274298 126.894168
c6s1_021176.jpg
1
468.111231 73.277538 53.494600 135.602592
c6s1_021201.jpg
1
468.111231 79.497840 54.738661 138.090713
c6s1_021226.jpg
1
470.599352 88.206263 54.738661 144.311015
c6s1_021251.jpg
1
464.379050 114.331533 60.958963 154.263499
c6s1_021276.jpg
1
456.914687 118.063715 63.447084 164.215983
c6s1_021301.jpg
1
441.985961 115.575594 57.226782 184.120950
c6s1_021326.jpg
1
408.396328 126.772138 68.423326 186.609071
c6s1_021351.jpg
1
356.145788 128.016199 75.887689 207.758099
c6s1_021376.jpg
2
607.446004 67.057235 43.542117 141.822894
274.037797 128.016199 90.816415 227.663067
c6s1_021401.jpg
2
221.787257 137.968683 83.352052 251.300216
510.409287 65.813175 46.030238 133.114471
c6s1_021426.jpg
2
485.528078 64.569114 41.053996 124.406048
163.316415 136.724622 95.792657 296.086393
c6s1_021451.jpg
2
108.577754 151.653348 144.311015 350.825054
492.992441 74.521598 34.833693 106.989201
c6s1_021476.jpg
1
19.005400 157.873650 186.609071 411.784017
c6s1_021976.jpg
1
89.916847 126.772138 77.131749 247.568035
c6s1_022001.jpg
1
194.417927 118.063715 64.691145 221.442765
c6s1_022026.jpg
1
271.549676 120.551836 52.250540 191.585313
c6s1_022051.jpg
2
317.579914 113.087473 55.982721 174.168467
4.076674 145.433045 106.989201 358.289417
c6s1_022076.jpg
2
165.804536 144.188985 169.192225 370.730022
354.901728 110.599352 44.786177 153.019438
c6s1_022101.jpg
2
366.098272 103.134989 52.250540 143.066955
382.271058 156.629590 145.555076 374.462203
c6s1_022126.jpg
2
601.225702 157.873650 115.697624 394.367171
388.491361 84.474082 47.274298 130.626350
c6s1_022176.jpg
1
455.670626 74.521598 43.542117 120.673866
c6s1_022201.jpg
1
491.748380 77.009719 29.857451 114.453564
c6s1_022526.jpg
2
535.290497 62.080994 39.809935 140.578834
608.690065 73.277538 42.298056 136.846652
c6s1_022551.jpg
2
545.242981 69.545356 36.077754 136.846652
489.260259 67.057235 46.030238 124.406048
c6s1_022576.jpg
2
504.188985 74.521598 33.589633 116.941685
478.063715 65.813175 37.321814 124.406048
c6s1_022701.jpg
1
379.782937 63.325054 38.565875 116.941685
c6s1_022726.jpg
1
389.735421 64.569114 34.833693 120.673866
c6s1_022751.jpg
1
390.979482 63.325054 41.053996 120.673866
c6s1_022776.jpg
2
402.176026 60.836933 38.565875 134.358531
292.698704 65.813175 29.857451 111.965443
c6s1_022801.jpg
2
348.681425 64.569114 28.613391 116.941685
418.348812 64.569114 43.542117 129.382289
c6s1_022826.jpg
2
393.467603 72.033477 37.321814 110.721382
448.206263 63.325054 54.738661 135.602592
c6s1_022851.jpg
2
515.385529 62.080994 62.203024 145.555076
399.687905 69.545356 39.809935 115.697624
c6s1_022876.jpg
3
423.325054 69.545356 47.274298 130.626350
595.072170 67.170367 44.459611 137.603353
495.480562 84.474082 42.298056 95.792657
c6s1_022926.jpg
2
595.500075 75.102728 38.628619 130.365478
485.528078 75.765659 44.786177 113.209503
c6s1_022951.jpg
1
510.409287 80.741901 52.250540 120.673866
c6s1_022976.jpg
1
580.076674 80.741901 51.006479 128.138229
c6s1_023426.jpg
1
86.184665 99.402808 95.792657 253.788337
c6s1_023476.jpg
1
337.484881 104.379050 69.667387 190.341253
c6s1_023551.jpg
1
465.623110 69.545356 44.786177 133.114471
c6s1_023576.jpg
1
478.063715 70.789417 44.786177 121.917927
c6s1_024001.jpg
2
558.927646 77.009719 36.077754 125.650108
580.076674 89.450324 46.030238 121.917927
c6s1_024026.jpg
2
495.480562 77.009719 31.101512 116.941685
519.117711 85.718143 42.298056 116.941685
c6s1_024051.jpg
1
481.795896 81.985961 42.298056 114.453564
c6s1_024076.jpg
1
471.843413 75.765659 33.589633 111.965443
c6s1_024126.jpg
1
395.955724 79.497840 34.833693 97.036717
c6s1_024176.jpg
1
500.456803 77.009719 38.565875 110.721382
c6s1_024226.jpg
1
479.307775 75.765659 44.786177 129.382289
c6s1_024251.jpg
1
448.206263 75.765659 42.298056 138.090713
c6s1_024276.jpg
1
407.152268 103.134989 47.274298 143.066955
c6s1_024351.jpg
1
203.126350 118.063715 65.935205 187.853132
c6s1_024376.jpg
1
99.869330 120.551836 85.840173 215.222462
c6s1_024401.jpg
2
4.076674 126.772138 70.911447 247.568035
118.530238 128.016199 148.043197 414.272138
c6s1_024426.jpg
1
330.020518 136.724622 174.168467 399.343413
c6s1_024451.jpg
1
542.754860 137.968683 139.334773 383.170626
c6s1_024501.jpg
1
453.182505 170.314255 150.531317 379.438445
c6s1_024526.jpg
1
287.722462 147.921166 128.138229 327.187905
c6s1_024551.jpg
1
172.024838 136.724622 106.989201 281.157667
c6s1_024601.jpg
1
5.320734 116.819654 58.470842 207.758099
c6s1_024876.jpg
1
575.100432 65.813175 36.077754 133.114471
c6s1_024901.jpg
2
480.551836 86.962203 47.274298 116.941685
512.897408 68.301296 41.053996 136.846652
c6s1_024926.jpg
2
489.260259 65.813175 46.030238 126.894168
428.301296 84.474082 39.809935 111.965443
c6s1_024951.jpg
2
395.955724 77.009719 42.298056 113.209503
480.551836 69.545356 42.298056 123.161987
c6s1_024976.jpg
2
447.035301 63.132516 42.795644 127.128658
389.735421 77.009719 36.077754 106.989201
c6s1_025001.jpg
1
400.931965 67.057235 37.321814 114.453564
c6s1_025126.jpg
1
392.223542 72.033477 54.738661 129.382289
c6s1_025151.jpg
1
374.806695 73.277538 53.494600 156.751620
c6s1_025226.jpg
1
351.169546 106.867171 52.250540 196.561555
c6s1_025276.jpg
1
211.834773 114.331533 89.572354 243.835853
c6s1_025576.jpg
1
570.124190 120.551836 75.887689 191.585313
c6s1_025601.jpg
1
504.188985 113.087473 49.762419 196.561555
c6s1_025701.jpg
1
139.679266 100.646868 73.399568 204.025918
c6s1_025726.jpg
3
60.793040 100.470372 62.752779 207.219024
672.137149 131.748380 43.542117 187.853132
508.753165 87.386076 26.734177 97.215190
c6s1_025751.jpg
3
4.076674 103.134989 69.667387 204.025918
587.541037 115.575594 54.738661 172.924406
512.398734 80.094937 35.240506 108.151899
c6s1_025776.jpg
3
5.664557 97.107595 49.822785 215.088608
525.338013 110.599352 52.250540 162.971922
491.748380 78.253780 37.321814 108.233261
c6s1_025801.jpg
3
3.234177 99.537975 42.531646 212.658228
468.111231 75.765659 41.053996 118.185745
510.409287 86.962203 42.298056 154.263499
c6s1_025826.jpg
4
1.000000 108.755840 44.181731 191.219544
644.767819 134.236501 73.399568 172.924406
435.765659 74.521598 42.298056 128.138229
488.016199 72.033477 48.518359 141.822894
c6s1_025851.jpg
4
586.296976 119.307775 64.691145 159.239741
475.233740 70.633171 41.404756 129.620873
1.000000 101.822722 37.442173 205.295896
434.521598 81.985961 48.518359 133.114471
c6s1_025876.jpg
3
456.914687 115.575594 54.738661 133.114471
472.767188 69.776269 44.137767 125.330151
552.707343 96.914687 36.077754 141.822894
c6s1_025901.jpg
2
507.168864 75.887351 46.132047 139.401148
511.653348 119.307775 68.423326 161.727862
c6s1_025926.jpg
3
606.201944 136.724622 70.911447 166.704104
513.302235 74.116136 38.694809 119.667968
487.773392 79.334650 38.716503 121.534609
